100000000000000000000000000000000
<<<<<<< HEAD
0110000011000000
0000000011110000
0110000010100000
0000000000000010
1001100010100000
1111000100000000
1010100010100000
100000000000000000000000000100000
1010100001000000
0110000000100000
0000000000100110
0110000001100000
0000000000100111
1000000010100000
1001100101100000
0000000000001000
0000000010001000
=======
1010100011000000
0000000010110100
1111000100000000
1010100010100000
100000000000000000000000000100000
1000000000000000
1000000000000000
1000000000000000
>>>>>>> 2a95bfb40876fcaf945b00829f3f62efcd986393
